# Empty board to make custom postions  
# create your own starting position with this template  
  
# (0) 0 -> empty cell  
# (1) 1 -> vertical rectangle  
# (2) 2 -> general  
# (3) 3 -> 1 x 1 square  
# (4) 4 -> horizontal rectangle  
board = [  
    [0, 0, 0, 0],  
    [0, 0, 0, 0],  
    [0, 0, 0, 0],  
    [0, 0, 0, 0],  
    [0, 0, 0, 0]  
]  
   
# Default Starting Position  
board = [  

    [1, 2, 0, 1],  
    [0, 0, 0, 0],  
    [1, 4, 0, 1],  
    [0, 3, 3, 0],  
    [3, 0, 0, 3]   
]  
  
# some other starting positions  
board = [  
    [0, 3, 4, 0],  
    [0, 1, 2, 0],  
    [0, 0, 0, 0],  
    [4, 1, 4, 0],  
    [4, 0, 3, 0]  
]  
board = [    
    [1, 1, 0, 0],  
    [0, 0, 4, 0],  
    [3, 2, 0, 3],  
    [3, 0, 0, 3],  
    [4, 0, 4, 0]  
]  
board = [    
    [2, 0, 1, 0],  
    [0, 0, 0, 3],  
    [4, 0, 4, 0],  
    [3, 0, 1, 0],  
    [4, 0, 0, 0]  
]  
board = [    
    [3, 2, 0, 3],  
    [1, 0, 0, 1],  
    [0, 1, 0, 0],  
    [3, 0, 0, 3],  
    [4, 0, 4, 0]  
]  
board = [    
    [0, 2, 0, 0],  
    [1, 0, 0, 1],  
    [0, 3, 3, 0],  
    [3, 4, 0, 3],  
    [4, 0, 4, 0]  
]  
board = [    
    [3, 2, 0, 3],  
    [3, 0, 0, 3],  
    [1, 3, 3, 1],  
    [0, 3, 3, 0],  
    [3, 0, 0, 3]  
]  
board = [    
    [0, 2, 0, 0],  
    [0, 0, 0, 0],  
    [4, 0, 4, 0],  
    [3, 4, 0, 3],  
    [4, 0, 4, 0]  
]  
board = [    
    [2, 0, 1, 0],  
    [0, 0, 0, 0],  
    [3, 1, 4, 0],  
    [1, 0, 3, 1],  
    [0, 3, 3, 0]  
]  
board = [    
    [1, 3, 3, 3],  
    [0, 1, 2, 0],  
    [1, 0, 0, 0],  
    [0, 4, 0, 3],  
    [0, 0, 4, 0]  
]  
  
# Some more Custom position I made  
board = [  
    [2, 0, 3, 1],  
    [0, 0, 3, 0],  
    [3, 3, 1, 1],  
    [4, 0, 0, 0],  
    [0, 0, 4, 0]  
]  

board = [    
    [0, 2, 0, 0],  
    [3, 0, 0, 3],  
    [1, 1, 1, 1],  
    [0, 0, 0, 0],  
    [4, 0, 4, 0]  
]  

board = [  
    [1, 1, 0, 0],  
    [0, 0, 4, 0],  
    [3, 3, 4, 0],  
    [2, 0, 4, 0],  
    [0, 0, 4, 0]  
]  

board = [  
    [0, 4, 0, 3],  
    [1, 4, 0, 0],  
    [0, 3, 2, 0],  
    [3, 3, 0, 0],  
    [3, 3, 4, 0]  
]  

board = [  
    [0, 2, 0, 0],  
    [3, 3, 3, 3],  
    [3, 3, 3, 3],  
    [3, 3, 3, 3],  
    [3, 3, 3, 3],    
]  
